3 3 3
3
4 50 100 10
50
1 1 2 0
2 2 3 1 (7,11)
2 4 4 1 (8,12)
2 6 5 1 (9,13)
2 8 6 1 (10,14)
2 10 7 1 (11,15)
2 12 8 1 (12,16)
2 14 9 1 (13,17)
2 16 10 1 (14,18)
2 18 11 1 (15,19)
2 20 12 2 (16,20),(17,21)
3 21 13 2 (18,22),(19,23)
3 23 14 2 (20,24),(21,25)
3 25 15 2 (22,26),(23,27)
3 27 16 2 (24,28),(25,29)
3 29 17 2 (26,30),(27,31)
3 31 18 2 (28,32),(29,33)
3 33 19 2 (30,34),(31,35)
3 35 20 2 (32,36),(33,37)
3 37 21 3 (34,38),(35,39),(36,40)
3 39 22 3 (37,41),(38,42),(39,43)
4 40 23 3 (40,44),(41,45),(42,46)
4 42 24 3 (43,47),(44,48),(45,49)
4 44 25 3 (46,50),(47,51),(48,52)
4 46 26 3 (49,53),(50,54),(51,55)
4 48 27 3 (52,56),(53,57),(54,58)
4 50 28 3 (55,59),(56,60),(57,61)
4 52 29 3 (58,62),(59,63),(60,64)
4 54 30 4 (61,65),(62,66),(63,67),(64,68)
4 56 31 4 (65,69),(66,70),(67,71),(68,72)
4 58 32 4 (69,73),(70,74),(71,75),(72,76)
5 59 33 4 (73,77),(74,78),(75,79),(76,80)
5 61 34 4 (77,81),(78,82),(79,83),(80,84)
5 63 35 4 (81,85),(82,86),(83,87),(84,88)
5 65 36 4 (85,89),(86,90),(87,91),(88,92)
5 67 37 4 (89,93),(90,94),(91,95),(92,96)
5 69 38 4 (93,97),(94,98),(95,99),(96,100)
5 71 39 5 (97,101),(98,102),(99,103),(100,104),(101,105)
5 73 40 5 (102,106),(103,107),(104,108),(105,109),(106,110)
5 75 41 5 (107,111),(108,112),(109,113),(110,114),(111,115)
5 77 42 5 (112,116),(113,117),(114,118),(115,119),(116,120)
6 78 43 5 (117,121),(118,122),(119,123),(120,124),(121,125)
6 80 44 5 (122,126),(123,127),(124,128),(125,129),(126,130)
6 82 45 5 (127,131),(128,132),(129,133),(130,134),(131,135)
6 84 46 5 (132,136),(133,137),(134,138),(135,139),(136,140)
6 86 47 5 (137,141),(138,142),(139,143),(140,144),(141,145)
6 88 48 6 (142,146),(143,147),(144,148),(145,149),(146,150),(147,151)
6 90 49 6 (148,152),(149,153),(150,154),(151,155),(152,156),(153,157)
6 92 50 6 (154,158),(155,159),(156,160),(157,161),(158,162),(159,163)
6 94 51 6 (160,164),(161,165),(162,166),(163,167),(164,168),(165,169)
5 79
10 4
17 83
18 22
25 55
34 72
38 78
41 87
45 18
47 91
49 62
55 61
55 30
64 73
72 3
78 68
85 91
89 63
92 64
94 13
96 47
103 81
111 61
111 92
117 69
123 22
124 5
126 90
134 74
139 71
139 40
144 83
151 79
160 35
168 90
176 57
177 41
178 14
178 18
187 96
189 52
193 45
198 12
201 64
208 44
211 11
218 72
227 54
235 18
243 55
