10 2 1
3
7 50 17 45
500
1 1 50 0
2 2 51 0
2 3 51 0
2 4 51 0
2 5 51 0
2 6 51 0
2 7 51 0
2 8 51 0
2 9 51 0
2 10 51 0
2 11 51 0
2 12 51 0
2 13 51 0
2 14 51 0
2 15 51 0
2 16 51 0
2 17 51 0
2 18 51 0
2 19 51 0
2 20 51 0
2 21 51 0
2 22 51 0
2 23 51 0
2 24 51 0
2 25 51 0
2 26 51 0
2 27 51 0
2 28 51 0
2 29 51 0
2 30 51 0
2 31 51 0
3 32 51 0
3 33 51 0
3 34 51 0
3 35 51 0
3 36 51 0
3 37 51 0
3 38 51 0
3 39 51 0
3 40 51 0
3 41 51 0
3 42 51 0
3 43 51 0
3 44 51 0
3 45 51 0
3 46 51 0
3 47 51 0
3 48 51 0
3 49 51 0
3 50 51 0
3 51 51 0
3 52 52 0
3 53 52 0
3 54 52 0
3 55 52 0
3 56 52 0
3 57 52 0
3 58 52 0
3 59 52 0
3 60 52 0
3 61 52 0
4 62 52 0
4 63 52 0
4 64 52 0
4 65 52 0
4 66 52 0
4 67 52 0
4 68 52 0
4 69 52 0
4 70 52 0
4 71 52 0
4 72 52 0
4 73 52 0
4 74 52 0
4 75 52 0
4 76 52 0
4 77 52 0
4 78 52 0
4 79 52 0
4 80 52 0
4 81 52 0
4 82 52 0
4 83 52 0
4 84 52 0
4 85 52 0
4 86 52 0
4 87 52 0
4 88 52 0
4 89 52 0
4 90 52 0
4 91 52 0
5 92 52 0
5 93 52 0
5 94 52 0
5 95 52 0
5 96 52 0
5 97 52 0
5 98 52 0
5 99 52 0
5 100 52 0
5 101 52 1 (8,28)
5 102 53 1 (41,42)
5 103 53 1 (40,30)
5 104 53 1 (15,3)
5 105 53 1 (16,8)
5 106 53 1 (5,39)
5 107 53 1 (20,6)
5 108 53 1 (15,9)
5 109 53 1 (10,41)
5 110 53 1 (50,28)
5 111 53 1 (33,6)
5 112 53 1 (24,2)
5 113 53 1 (9,20)
5 114 53 1 (4,16)
5 115 53 1 (36,22)
5 116 53 1 (34,17)
5 117 53 1 (10,1)
5 118 53 1 (22,38)
5 119 53 1 (49,22)
5 120 53 1 (23,46)
5 121 53 1 (49,29)
6 122 53 1 (30,25)
6 123 53 1 (42,25)
6 124 53 1 (22,21)
6 125 53 1 (9,24)
6 126 53 1 (47,14)
6 127 53 1 (26,28)
6 128 53 1 (17,43)
6 129 53 1 (55,33)
6 130 53 1 (12,12)
6 131 53 1 (9,21)
6 132 53 1 (38,31)
6 133 53 1 (44,21)
6 134 53 1 (49,36)
6 135 53 1 (23,34)
6 136 53 1 (45,38)
6 137 53 1 (26,21)
6 138 53 1 (49,40)
6 139 53 1 (30,34)
6 140 53 1 (28,37)
6 141 53 1 (50,28)
6 142 53 1 (3,19)
6 143 53 1 (12,5)
6 144 53 1 (21,5)
6 145 53 1 (25,34)
6 146 53 1 (38,18)
6 147 53 1 (50,23)
6 148 53 1 (6,45)
6 149 53 1 (18,53)
6 150 53 1 (13,23)
6 151 53 1 (23,38)
7 152 54 1 (15,46)
7 153 54 1 (4,13)
7 154 54 1 (5,29)
7 155 54 1 (50,31)
7 156 54 1 (35,39)
7 157 54 1 (3,31)
7 158 54 1 (22,34)
7 159 54 1 (23,49)
7 160 54 1 (54,36)
7 161 54 1 (18,12)
7 162 54 1 (38,9)
7 163 54 1 (45,29)
7 164 54 1 (8,51)
7 165 54 1 (35,43)
7 166 54 1 (13,30)
7 167 54 1 (3,13)
7 168 54 1 (11,1)
7 169 54 1 (5,5)
7 170 54 1 (5,7)
7 171 54 1 (35,29)
7 172 54 1 (52,17)
7 173 54 1 (38,40)
7 174 54 1 (35,36)
7 175 54 1 (23,15)
7 176 54 1 (32,36)
7 177 54 1 (8,2)
7 178 54 1 (23,2)
7 179 54 1 (46,6)
7 180 54 1 (27,6)
7 181 54 1 (20,42)
8 182 54 1 (13,22)
8 183 54 1 (18,1)
8 184 54 1 (6,11)
8 185 54 1 (49,3)
8 186 54 1 (42,37)
8 187 54 1 (6,53)
8 188 54 1 (26,54)
8 189 54 1 (31,50)
8 190 54 1 (34,35)
8 191 54 1 (29,26)
8 192 54 1 (18,45)
8 193 54 1 (30,43)
8 194 54 1 (18,46)
8 195 54 1 (29,6)
8 196 54 1 (41,52)
8 197 54 1 (8,19)
8 198 54 1 (52,48)
8 199 54 1 (14,34)
8 200 54 1 (22,23)
8 201 54 1 (12,7)
8 202 55 7 (13,13),(14,13),(16,14),(19,14),(23,15),(28,15),(34,16)
8 203 55 7 (31,36),(32,36),(34,37),(37,37),(41,38),(46,38),(52,39)
8 204 55 7 (6,49),(7,49),(9,50),(12,50),(16,51),(21,51),(27,52)
8 205 55 7 (27,5),(28,5),(30,6),(33,6),(37,7),(42,7),(48,8)
8 206 55 7 (23,22),(24,22),(26,23),(29,23),(33,24),(38,24),(44,25)
8 207 55 7 (52,16),(53,16),(55,17),(58,17),(62,18),(67,18),(73,19)
8 208 55 7 (6,49),(7,49),(9,50),(12,50),(16,51),(21,51),(27,52)
8 209 55 7 (15,8),(16,8),(18,9),(21,9),(25,10),(30,10),(36,11)
8 210 55 7 (14,27),(15,27),(17,28),(20,28),(24,29),(29,29),(35,30)
8 211 55 7 (29,11),(30,11),(32,12),(35,12),(39,13),(44,13),(50,14)
9 212 55 7 (20,45),(21,45),(23,46),(26,46),(30,47),(35,47),(41,48)
9 213 55 7 (27,11),(28,11),(30,12),(33,12),(37,13),(42,13),(48,14)
9 214 55 7 (34,44),(35,44),(37,45),(40,45),(44,46),(49,46),(55,47)
9 215 55 7 (14,9),(15,9),(17,10),(20,10),(24,11),(29,11),(35,12)
9 216 55 7 (19,9),(20,9),(22,10),(25,10),(29,11),(34,11),(40,12)
9 217 55 7 (19,26),(20,26),(22,27),(25,27),(29,28),(34,28),(40,29)
9 218 55 7 (28,10),(29,10),(31,11),(34,11),(38,12),(43,12),(49,13)
9 219 55 7 (3,24),(4,24),(6,25),(9,25),(13,26),(18,26),(24,27)
9 220 55 7 (55,6),(56,6),(58,7),(61,7),(65,8),(70,8),(76,9)
9 221 55 7 (41,37),(42,37),(44,38),(47,38),(51,39),(56,39),(62,40)
9 222 55 7 (7,13),(8,13),(10,14),(13,14),(17,15),(22,15),(28,16)
9 223 55 7 (39,34),(40,34),(42,35),(45,35),(49,36),(54,36),(60,37)
9 224 55 7 (6,18),(7,18),(9,19),(12,19),(16,20),(21,20),(27,21)
9 225 55 7 (11,15),(12,15),(14,16),(17,16),(21,17),(26,17),(32,18)
9 226 55 7 (49,54),(50,54),(52,55),(55,55),(59,56),(64,56),(70,57)
9 227 55 7 (45,42),(46,42),(48,43),(51,43),(55,44),(60,44),(66,45)
9 228 55 7 (56,51),(57,51),(59,52),(62,52),(66,53),(71,53),(77,54)
9 229 55 7 (38,4),(39,4),(41,5),(44,5),(48,6),(53,6),(59,7)
9 230 55 7 (55,10),(56,10),(58,11),(61,11),(65,12),(70,12),(76,13)
9 231 55 7 (44,45),(45,45),(47,46),(50,46),(54,47),(59,47),(65,48)
9 232 55 7 (21,22),(22,22),(24,23),(27,23),(31,24),(36,24),(42,25)
9 233 55 7 (40,10),(41,10),(43,11),(46,11),(50,12),(55,12),(61,13)
9 234 55 7 (45,32),(46,32),(48,33),(51,33),(55,34),(60,34),(66,35)
9 235 55 7 (36,5),(37,5),(39,6),(42,6),(46,7),(51,7),(57,8)
9 236 55 7 (38,3),(39,3),(41,4),(44,4),(48,5),(53,5),(59,6)
9 237 55 7 (26,21),(27,21),(29,22),(32,22),(36,23),(41,23),(47,24)
9 238 55 7 (29,52),(30,52),(32,53),(35,53),(39,54),(44,54),(50,55)
9 239 55 7 (34,44),(35,44),(37,45),(40,45),(44,46),(49,46),(55,47)
9 240 55 7 (52,37),(53,37),(55,38),(58,38),(62,39),(67,39),(73,40)
9 241 55 7 (33,37),(34,37),(36,38),(39,38),(43,39),(48,39),(54,40)
10 242 55 7 (24,9),(25,9),(27,10),(30,10),(34,11),(39,11),(45,12)
10 243 55 7 (19,22),(20,22),(22,23),(25,23),(29,24),(34,24),(40,25)
10 244 55 7 (7,14),(8,14),(10,15),(13,15),(17,16),(22,16),(28,17)
10 245 55 7 (27,54),(28,54),(30,55),(33,55),(37,56),(42,56),(48,57)
10 246 55 7 (15,17),(16,17),(18,18),(21,18),(25,19),(30,19),(36,20)
10 247 55 7 (7,17),(8,17),(10,18),(13,18),(17,19),(22,19),(28,20)
10 248 55 7 (56,34),(57,34),(59,35),(62,35),(66,36),(71,36),(77,37)
10 249 55 7 (27,42),(28,42),(30,43),(33,43),(37,44),(42,44),(48,45)
10 250 55 7 (54,5),(55,5),(57,6),(60,6),(64,7),(69,7),(75,8)
10 251 55 7 (19,35),(20,35),(22,36),(25,36),(29,37),(34,37),(40,38)
10 252 56 7 (37,38),(38,38),(40,39),(43,39),(47,40),(52,40),(58,41)
10 253 56 7 (28,20),(29,20),(31,21),(34,21),(38,22),(43,22),(49,23)
10 254 56 7 (15,50),(16,50),(18,51),(21,51),(25,52),(30,52),(36,53)
10 255 56 7 (8,6),(9,6),(11,7),(14,7),(18,8),(23,8),(29,9)
10 256 56 7 (9,1),(10,1),(12,2),(15,2),(19,3),(24,3),(30,4)
10 257 56 7 (12,31),(13,31),(15,32),(18,32),(22,33),(27,33),(33,34)
10 258 56 7 (48,33),(49,33),(51,34),(54,34),(58,35),(63,35),(69,36)
10 259 56 7 (27,11),(28,11),(30,12),(33,12),(37,13),(42,13),(48,14)
10 260 56 7 (23,35),(24,35),(26,36),(29,36),(33,37),(38,37),(44,38)
10 261 56 7 (21,46),(22,46),(24,47),(27,47),(31,48),(36,48),(42,49)
10 262 56 7 (49,44),(50,44),(52,45),(55,45),(59,46),(64,46),(70,47)
10 263 56 7 (36,19),(37,19),(39,20),(42,20),(46,21),(51,21),(57,22)
10 264 56 7 (29,47),(30,47),(32,48),(35,48),(39,49),(44,49),(50,50)
10 265 56 7 (41,22),(42,22),(44,23),(47,23),(51,24),(56,24),(62,25)
10 266 56 7 (27,22),(28,22),(30,23),(33,23),(37,24),(42,24),(48,25)
10 267 56 7 (8,23),(9,23),(11,24),(14,24),(18,25),(23,25),(29,26)
10 268 56 7 (55,46),(56,46),(58,47),(61,47),(65,48),(70,48),(76,49)
10 269 56 7 (49,24),(50,24),(52,25),(55,25),(59,26),(64,26),(70,27)
10 270 56 7 (12,3),(13,3),(15,4),(18,4),(22,5),(27,5),(33,6)
10 271 56 7 (56,56),(57,56),(59,57),(62,57),(66,58),(71,58),(77,59)
11 272 56 3 (26,12),(27,12),(29,13)
11 273 56 3 (15,9),(16,9),(18,10)
11 274 56 3 (34,25),(35,25),(37,26)
11 275 56 3 (3,7),(4,7),(6,8)
11 276 56 3 (49,42),(50,42),(52,43)
11 277 56 3 (12,27),(13,27),(15,28)
11 278 56 3 (20,1),(21,1),(23,2)
11 279 56 3 (49,46),(50,46),(52,47)
11 280 56 3 (52,10),(53,10),(55,11)
11 281 56 3 (3,34),(4,34),(6,35)
11 282 56 3 (58,42),(59,42),(61,43)
11 283 56 3 (41,29),(42,29),(44,30)
11 284 56 3 (28,30),(29,30),(31,31)
11 285 56 3 (13,55),(14,55),(16,56)
11 286 56 3 (40,14),(41,14),(43,15)
11 287 56 3 (12,7),(13,7),(15,8)
11 288 56 3 (56,42),(57,42),(59,43)
11 289 56 3 (51,16),(52,16),(54,17)
11 290 56 3 (38,27),(39,27),(41,28)
11 291 56 3 (40,42),(41,42),(43,43)
11 292 56 3 (26,5),(27,5),(29,6)
11 293 56 3 (39,6),(40,6),(42,7)
11 294 56 3 (27,51),(28,51),(30,52)
11 295 56 3 (22,50),(23,50),(25,51)
11 296 56 3 (43,36),(44,36),(46,37)
11 297 56 3 (11,22),(12,22),(14,23)
11 298 56 3 (46,37),(47,37),(49,38)
11 299 56 3 (52,14),(53,14),(55,15)
11 300 56 3 (11,7),(12,7),(14,8)
11 301 56 3 (24,9),(25,9),(27,10)
12 302 57 3 (49,15),(50,15),(52,16)
12 303 57 3 (27,2),(28,2),(30,3)
12 304 57 3 (17,15),(18,15),(20,16)
12 305 57 3 (50,34),(51,34),(53,35)
12 306 57 3 (14,2),(15,2),(17,3)
12 307 57 3 (5,15),(6,15),(8,16)
12 308 57 3 (59,13),(60,13),(62,14)
12 309 57 3 (38,18),(39,18),(41,19)
12 310 57 3 (39,22),(40,22),(42,23)
12 311 57 3 (22,7),(23,7),(25,8)
12 312 57 3 (28,47),(29,47),(31,48)
12 313 57 3 (44,18),(45,18),(47,19)
12 314 57 3 (56,20),(57,20),(59,21)
12 315 57 3 (41,35),(42,35),(44,36)
12 316 57 3 (21,1),(22,1),(24,2)
12 317 57 3 (3,17),(4,17),(6,18)
12 318 57 3 (24,46),(25,46),(27,47)
12 319 57 3 (14,27),(15,27),(17,28)
12 320 57 3 (44,39),(45,39),(47,40)
12 321 57 3 (13,32),(14,32),(16,33)
12 322 57 3 (30,12),(31,12),(33,13)
12 323 57 3 (3,39),(4,39),(6,40)
12 324 57 3 (8,28),(9,28),(11,29)
12 325 57 3 (17,3),(18,3),(20,4)
12 326 57 3 (22,16),(23,16),(25,17)
12 327 57 3 (14,31),(15,31),(17,32)
12 328 57 3 (31,8),(32,8),(34,9)
12 329 57 3 (57,37),(58,37),(60,38)
12 330 57 3 (25,2),(26,2),(28,3)
12 331 57 3 (7,45),(8,45),(10,46)
13 332 57 3 (20,20),(21,20),(23,21)
13 333 57 3 (9,20),(10,20),(12,21)
13 334 57 3 (54,1),(55,1),(57,2)
13 335 57 3 (21,8),(22,8),(24,9)
13 336 57 3 (30,38),(31,38),(33,39)
13 337 57 3 (17,37),(18,37),(20,38)
13 338 57 3 (14,37),(15,37),(17,38)
13 339 57 3 (31,53),(32,53),(34,54)
13 340 57 3 (53,32),(54,32),(56,33)
13 341 57 3 (18,24),(19,24),(21,25)
13 342 57 3 (31,35),(32,35),(34,36)
13 343 57 3 (21,31),(22,31),(24,32)
13 344 57 3 (53,20),(54,20),(56,21)
13 345 57 3 (34,23),(35,23),(37,24)
13 346 57 3 (31,5),(32,5),(34,6)
13 347 57 3 (57,6),(58,6),(60,7)
13 348 57 3 (17,40),(18,40),(20,41)
13 349 57 3 (16,27),(17,27),(19,28)
13 350 57 3 (3,40),(4,40),(6,41)
13 351 57 3 (17,25),(18,25),(20,26)
13 352 58 3 (6,1),(7,1),(9,2)
13 353 58 3 (5,14),(6,14),(8,15)
13 354 58 3 (22,28),(23,28),(25,29)
13 355 58 3 (18,38),(19,38),(21,39)
13 356 58 3 (20,50),(21,50),(23,51)
13 357 58 3 (13,47),(14,47),(16,48)
13 358 58 3 (35,22),(36,22),(38,23)
13 359 58 3 (35,45),(36,45),(38,46)
13 360 58 3 (36,14),(37,14),(39,15)
13 361 58 3 (33,41),(34,41),(36,42)
14 362 58 3 (38,34),(39,34),(41,35)
14 363 58 3 (54,55),(55,55),(57,56)
14 364 58 3 (36,40),(37,40),(39,41)
14 365 58 3 (18,18),(19,18),(21,19)
14 366 58 3 (30,44),(31,44),(33,45)
14 367 58 3 (59,29),(60,29),(62,30)
14 368 58 3 (40,24),(41,24),(43,25)
14 369 58 3 (8,6),(9,6),(11,7)
14 370 58 3 (60,31),(61,31),(63,32)
14 371 58 3 (29,5),(30,5),(32,6)
14 372 58 3 (14,21),(15,21),(17,22)
14 373 58 3 (33,47),(34,47),(36,48)
14 374 58 3 (22,49),(23,49),(25,50)
14 375 58 3 (21,27),(22,27),(24,28)
14 376 58 3 (22,33),(23,33),(25,34)
14 377 58 3 (42,39),(43,39),(45,40)
14 378 58 3 (28,30),(29,30),(31,31)
14 379 58 3 (20,23),(21,23),(23,24)
14 380 58 3 (34,40),(35,40),(37,41)
14 381 58 3 (8,47),(9,47),(11,48)
14 382 58 3 (38,26),(39,26),(41,27)
14 383 58 3 (34,24),(35,24),(37,25)
14 384 58 3 (47,42),(48,42),(50,43)
14 385 58 3 (35,44),(36,44),(38,45)
14 386 58 3 (5,39),(6,39),(8,40)
14 387 58 3 (15,9),(16,9),(18,10)
14 388 58 3 (13,32),(14,32),(16,33)
14 389 58 3 (9,7),(10,7),(12,8)
14 390 58 3 (56,56),(57,56),(59,57)
14 391 58 3 (32,19),(33,19),(35,20)
15 392 58 3 (36,53),(37,53),(39,54)
15 393 58 3 (24,14),(25,14),(27,15)
15 394 58 3 (3,41),(4,41),(6,42)
15 395 58 3 (28,8),(29,8),(31,9)
15 396 58 3 (17,25),(18,25),(20,26)
15 397 58 3 (41,20),(42,20),(44,21)
15 398 58 3 (7,6),(8,6),(10,7)
15 399 58 3 (8,49),(9,49),(11,50)
15 400 58 3 (53,33),(54,33),(56,34)
15 401 58 3 (32,15),(33,15),(35,16)
15 402 59 3 (60,47),(61,47),(63,48)
15 403 59 3 (24,21),(25,21),(27,22)
15 404 59 3 (24,3),(25,3),(27,4)
15 405 59 3 (56,44),(57,44),(59,45)
15 406 59 3 (43,54),(44,54),(46,55)
15 407 59 3 (11,34),(12,34),(14,35)
15 408 59 3 (35,15),(36,15),(38,16)
15 409 59 3 (25,59),(26,59),(28,60)
15 410 59 3 (24,8),(25,8),(27,9)
15 411 59 3 (18,9),(19,9),(21,10)
15 412 59 3 (37,37),(38,37),(40,38)
15 413 59 3 (35,10),(36,10),(38,11)
15 414 59 3 (47,46),(48,46),(50,47)
15 415 59 3 (24,15),(25,15),(27,16)
15 416 59 3 (36,51),(37,51),(39,52)
15 417 59 3 (41,23),(42,23),(44,24)
15 418 59 3 (35,36),(36,36),(38,37)
15 419 59 3 (32,17),(33,17),(35,18)
15 420 59 3 (7,50),(8,50),(10,51)
15 421 59 3 (46,7),(47,7),(49,8)
16 422 59 3 (45,56),(46,56),(48,57)
16 423 59 3 (56,34),(57,34),(59,35)
16 424 59 3 (29,38),(30,38),(32,39)
16 425 59 3 (21,40),(22,40),(24,41)
16 426 59 3 (35,44),(36,44),(38,45)
16 427 59 3 (54,2),(55,2),(57,3)
16 428 59 3 (8,41),(9,41),(11,42)
16 429 59 3 (22,32),(23,32),(25,33)
16 430 59 3 (9,59),(10,59),(12,60)
16 431 59 3 (27,35),(28,35),(30,36)
16 432 59 3 (3,28),(4,28),(6,29)
16 433 59 3 (50,19),(51,19),(53,20)
16 434 59 3 (38,42),(39,42),(41,43)
16 435 59 3 (46,27),(47,27),(49,28)
16 436 59 3 (14,28),(15,28),(17,29)
16 437 59 3 (58,58),(59,58),(61,59)
16 438 59 3 (45,31),(46,31),(48,32)
16 439 59 3 (20,10),(21,10),(23,11)
16 440 59 3 (4,10),(5,10),(7,11)
16 441 59 3 (14,46),(15,46),(17,47)
16 442 59 3 (36,58),(37,58),(39,59)
16 443 59 3 (29,33),(30,33),(32,34)
16 444 59 3 (30,28),(31,28),(33,29)
16 445 59 3 (9,32),(10,32),(12,33)
16 446 59 3 (56,18),(57,18),(59,19)
16 447 59 3 (22,17),(23,17),(25,18)
16 448 59 3 (31,58),(32,58),(34,59)
16 449 59 3 (47,15),(48,15),(50,16)
16 450 59 3 (3,58),(4,58),(6,59)
16 451 59 3 (42,8),(43,8),(45,9)
17 452 60 3 (34,32),(35,32),(37,33)
17 453 60 3 (11,34),(12,34),(14,35)
17 454 60 3 (18,36),(19,36),(21,37)
17 455 60 3 (37,11),(38,11),(40,12)
17 456 60 3 (31,24),(32,24),(34,25)
17 457 60 3 (8,33),(9,33),(11,34)
17 458 60 3 (46,30),(47,30),(49,31)
17 459 60 3 (51,9),(52,9),(54,10)
17 460 60 3 (21,45),(22,45),(24,46)
17 461 60 3 (61,40),(62,40),(64,41)
17 462 60 3 (46,59),(47,59),(49,60)
17 463 60 3 (53,31),(54,31),(56,32)
17 464 60 3 (23,35),(24,35),(26,36)
17 465 60 3 (16,53),(17,53),(19,54)
17 466 60 3 (18,52),(19,52),(21,53)
17 467 60 3 (59,5),(60,5),(62,6)
17 468 60 3 (3,11),(4,11),(6,12)
17 469 60 3 (3,32),(4,32),(6,33)
17 470 60 3 (43,5),(44,5),(46,6)
17 471 60 3 (58,8),(59,8),(61,9)
17 472 60 3 (12,3),(13,3),(15,4)
17 473 60 3 (59,10),(60,10),(62,11)
17 474 60 3 (55,29),(56,29),(58,30)
17 475 60 3 (37,38),(38,38),(40,39)
17 476 60 3 (41,29),(42,29),(44,30)
17 477 60 3 (58,33),(59,33),(61,34)
17 478 60 3 (48,2),(49,2),(51,3)
17 479 60 3 (42,51),(43,51),(45,52)
17 480 60 3 (27,17),(28,17),(30,18)
17 481 60 3 (21,49),(22,49),(24,50)
18 482 60 3 (37,38),(38,38),(40,39)
18 483 60 3 (21,25),(22,25),(24,26)
18 484 60 3 (23,46),(24,46),(26,47)
18 485 60 3 (62,49),(63,49),(65,50)
18 486 60 3 (5,43),(6,43),(8,44)
18 487 60 3 (16,37),(17,37),(19,38)
18 488 60 3 (26,53),(27,53),(29,54)
18 489 60 3 (7,32),(8,32),(10,33)
18 490 60 3 (9,32),(10,32),(12,33)
18 491 60 3 (30,52),(31,52),(33,53)
18 492 60 0
18 493 60 0
18 494 60 0
18 495 60 0
18 496 60 0
18 497 60 0
18 498 60 0
18 499 60 0
18 500 60 0
3 1
10 451
17 466
20 232
25 71
31 486
36 384
40 370
47 255
50 23
55 63
64 18
68 177
68 412
68 27
71 333
72 355
73 244
80 443
80 150
81 174
89 35
94 121
94 155
99 324
102 41
104 410
111 150
119 464
128 292
130 152
137 225
142 429
142 42
151 3
154 411
157 243
158 284
167 81
170 4
170 283
175 1
184 14
186 293
189 296
196 104
203 476
208 157
213 441
214 101
215 427
216 294
219 200
223 236
227 110
231 310
237 222
237 42
243 213
250 302
259 80
268 314
277 289
282 178
287 80
287 178
292 151
294 463
301 474
310 55
316 214
321 203
328 196
332 1
337 236
340 41
348 230
351 284
355 4
359 75
364 306
371 152
377 195
378 286
379 497
381 102
390 443
396 398
399 300
406 373
414 430
419 222
427 160
430 374
432 153
436 484
439 315
441 135
449 235
455 284
458 401
458 164
465 41
471 184
473 331
480 46
486 497
494 370
501 291
507 298
514 120
515 318
524 270
528 132
536 494
537 215
539 357
540 457
548 70
553 131
559 89
566 176
573 255
578 16
585 243
586 274
591 409
598 32
602 109
603 342
610 389
619 422
626 238
626 394
626 245
634 118
642 378
648 8
654 413
657 273
664 408
670 374
674 411
679 198
682 234
684 126
685 152
690 286
692 420
694 278
701 97
706 69
708 469
713 285
717 31
721 63
724 413
732 436
733 371
738 397
746 90
747 306
753 171
761 273
763 319
771 377
779 83
787 221
788 176
789 375
796 21
803 356
807 160
816 390
824 153
831 252
839 284
844 368
844 418
847 354
850 15
853 120
858 475
863 157
869 241
871 379
872 451
877 200
882 479
890 163
895 473
897 467
898 234
905 455
908 252
916 350
925 128
933 130
941 200
947 165
948 449
952 288
955 204
962 149
970 243
975 76
983 202
989 290
992 90
992 176
1000 155
1003 356
1005 245
1009 459
1018 308
1026 454
1028 284
1030 290
1035 321
1037 341
1042 291
1049 376
1058 30
1066 282
1066 438
1067 66
1071 189
1079 316
1079 495
1079 319
1079 161
1087 203
1095 269
1097 1
1103 462
1112 224
1114 469
1117 275
1125 67
1130 314
1132 436
1137 53
1138 75
1144 414
1149 206
1157 351
1164 48
1165 440
1165 130
1172 198
1180 139
1181 56
1182 355
1186 377
1195 242
1195 267
1199 408
1206 298
1206 385
1214 183
1215 442
1216 426
1220 109
1227 202
1235 93
1243 120
1243 448
1243 375
1250 267
1259 483
1265 371
1273 403
1273 256
1278 84
1279 42
1286 198
1291 271
1291 272
1294 68
1297 408
1304 391
1304 168
1306 176
1311 28
1313 291
1315 88
1322 390
1329 228
1330 275
1330 427
1330 127
1338 347
1347 264
1353 118
1354 305
1362 450
1365 260
1365 169
1369 429
1374 176
