6 3 3
3
4 50 100 10
50
1 1 2 0
2 3 3 1 (7,11)
4 4 4 1 (8,12)
5 6 5 1 (9,13)
7 7 6 1 (10,14)
8 9 7 1 (11,15)
10 10 8 1 (12,16)
11 12 9 1 (13,17)
13 13 10 1 (14,18)
14 15 11 1 (15,19)
16 16 12 1 (16,20)
17 18 13 1 (17,21)
19 19 14 1 (18,22)
20 21 15 1 (19,23)
22 22 16 1 (20,24)
23 24 17 1 (21,25)
25 25 18 1 (22,26)
26 27 19 1 (23,27)
28 28 20 1 (24,28)
29 30 21 1 (25,29)
31 31 22 1 (26,30)
32 33 23 1 (27,31)
34 34 24 1 (28,32)
35 36 25 1 (29,33)
37 37 26 1 (30,34)
38 39 27 1 (31,35)
40 40 28 1 (32,36)
41 42 29 1 (33,37)
43 43 30 1 (34,38)
44 45 31 1 (35,39)
46 46 32 1 (36,40)
47 48 33 1 (37,41)
49 49 34 1 (38,42)
50 51 35 1 (39,43)
52 52 36 1 (40,44)
53 54 37 1 (41,45)
55 55 38 1 (42,46)
56 57 39 1 (43,47)
58 58 40 1 (44,48)
59 60 41 1 (45,49)
61 61 42 1 (46,50)
62 63 43 1 (47,51)
64 64 44 1 (48,52)
65 66 45 1 (49,53)
67 67 46 1 (50,54)
68 69 47 1 (51,55)
70 70 48 1 (52,56)
71 72 49 1 (53,57)
73 73 50 1 (54,58)
74 75 51 1 (55,59)
8 5
8 35
10 10
15 13
18 76
21 65
26 9
35 25
39 10
43 56
44 57
52 30
54 9
55 76
63 22
70 65
72 67
76 67
77 21
85 6
91 30
94 49
100 38
105 19
108 4
111 30
112 49
118 34
124 32
126 27
131 18
139 22
142 16
146 45
148 45
149 6
158 37
167 62
170 42
172 66
175 35
184 6
188 14
190 52
196 34
199 31
205 12
212 72
212 37
216 57
217 9
217 60
225 34
232 59
239 72
241 22
243 16
244 56
253 63
261 13
262 4
264 43
266 32
275 71
277 17
285 43
285 29
293 26
297 4
306 47
307 29
315 30
321 73
330 23
331 40
340 29
346 56
353 58
358 3
360 59
361 76
370 6
374 45
378 70
380 48
385 11
392 39
400 55
409 57
411 37
414 29
423 19
431 53
437 1
439 63
443 36
443 39
446 7
447 34
447 41
448 33
455 67
462 28
466 17
473 40
481 60
487 15
491 53
499 68
506 64
514 51
519 21
525 49
527 31
533 35
535 11
541 47
549 15
557 72
563 76
572 27
577 37
586 17
588 53
588 39
596 11
598 52
607 59
610 30
614 39
620 12
622 36
626 46
630 27
636 29
640 44
644 25
645 76
650 56
651 44
658 40
666 13
673 68
681 62
682 39
683 62
685 42
691 55
697 3
699 34
703 53
709 60
716 10
720 12
728 75
733 70
733 47
736 19
737 46
745 2
751 11
754 43
763 36
764 42
773 49
774 49
781 27
787 70
791 43
795 75
802 42
805 7
811 54
811 30
814 74
819 39
825 38
833 65
841 58
845 3
854 56
863 25
869 40
874 40
882 59
889 39
890 53
891 7
891 63
899 48
908 49
916 49
924 69
931 41
931 44
936 31
943 41
945 39
953 63
958 23
