20 20 20
5
4 40 10 5
1000
1 1 20 0
2 2 21 0
2 3 21 0
2 4 21 0
2 5 21 0
2 6 21 0
2 7 21 0
2 8 21 0
2 9 21 0
2 10 21 0
2 11 21 0
2 12 21 0
2 13 21 0
2 14 21 0
2 15 21 0
2 16 21 0
2 17 21 0
2 18 21 0
2 19 21 0
2 20 21 0
2 21 21 0
2 22 21 0
2 23 21 0
2 24 21 0
2 25 21 0
2 26 21 0
2 27 21 0
2 28 21 0
2 29 21 0
2 30 21 0
2 31 21 0
3 32 21 0
3 33 21 0
3 34 21 0
3 35 21 0
3 36 21 0
3 37 21 0
3 38 21 0
3 39 21 0
3 40 21 0
3 41 21 0
3 42 21 0
3 43 21 0
3 44 21 0
3 45 21 0
3 46 21 0
3 47 21 0
3 48 21 0
3 49 21 0
3 50 21 0
3 51 21 0
3 52 22 1 (4,7)
3 53 22 1 (8,19)
3 54 22 1 (6,14)
3 55 22 1 (17,18)
3 56 22 1 (17,20)
3 57 22 1 (10,4)
3 58 22 1 (19,6)
3 59 22 1 (6,22)
3 60 22 1 (19,6)
3 61 22 1 (8,14)
4 62 22 1 (14,1)
4 63 22 1 (10,17)
4 64 22 1 (24,17)
4 65 22 1 (18,9)
4 66 22 1 (16,1)
4 67 22 1 (8,5)
4 68 22 1 (9,21)
4 69 22 1 (19,22)
4 70 22 1 (4,22)
4 71 22 1 (7,6)
4 72 22 1 (21,15)
4 73 22 1 (12,12)
4 74 22 1 (10,15)
4 75 22 1 (15,1)
4 76 22 1 (15,22)
4 77 22 1 (21,17)
4 78 22 1 (20,17)
4 79 22 1 (20,6)
4 80 22 1 (21,18)
4 81 22 1 (17,1)
4 82 22 1 (6,21)
4 83 22 1 (18,16)
4 84 22 1 (9,14)
4 85 22 1 (10,22)
4 86 22 1 (14,6)
4 87 22 1 (14,18)
4 88 22 1 (22,13)
4 89 22 1 (10,1)
4 90 22 1 (12,13)
4 91 22 1 (21,15)
5 92 22 1 (14,22)
5 93 22 1 (19,6)
5 94 22 1 (13,10)
5 95 22 1 (14,14)
5 96 22 1 (12,14)
5 97 22 1 (24,8)
5 98 22 1 (18,3)
5 99 22 1 (9,1)
5 100 22 1 (14,14)
5 101 22 1 (22,8)
5 102 23 1 (14,6)
5 103 23 3 (9,15),(10,15),(12,16)
5 104 23 3 (18,6),(19,6),(21,7)
5 105 23 3 (18,13),(19,13),(21,14)
5 106 23 3 (10,3),(11,3),(13,4)
5 107 23 3 (14,7),(15,7),(17,8)
5 108 23 3 (12,16),(13,16),(15,17)
5 109 23 3 (11,13),(12,13),(14,14)
5 110 23 3 (7,13),(8,13),(10,14)
5 111 23 3 (9,11),(10,11),(12,12)
5 112 23 3 (7,15),(8,15),(10,16)
5 113 23 3 (6,13),(7,13),(9,14)
5 114 23 3 (4,3),(5,3),(7,4)
5 115 23 3 (8,18),(9,18),(11,19)
5 116 23 3 (14,7),(15,7),(17,8)
5 117 23 3 (21,9),(22,9),(24,10)
5 118 23 3 (7,13),(8,13),(10,14)
5 119 23 3 (9,1),(10,1),(12,2)
5 120 23 3 (21,12),(22,12),(24,13)
5 121 23 3 (10,18),(11,18),(13,19)
6 122 23 3 (17,17),(18,17),(20,18)
6 123 23 3 (9,7),(10,7),(12,8)
6 124 23 3 (16,13),(17,13),(19,14)
6 125 23 3 (6,18),(7,18),(9,19)
6 126 23 3 (17,16),(18,16),(20,17)
6 127 23 3 (10,22),(11,22),(13,23)
6 128 23 3 (16,8),(17,8),(19,9)
6 129 23 3 (23,4),(24,4),(26,5)
6 130 23 3 (14,17),(15,17),(17,18)
6 131 23 3 (17,7),(18,7),(20,8)
6 132 23 3 (18,14),(19,14),(21,15)
6 133 23 3 (17,19),(18,19),(20,20)
6 134 23 3 (11,2),(12,2),(14,3)
6 135 23 3 (22,20),(23,20),(25,21)
6 136 23 3 (25,9),(26,9),(28,10)
6 137 23 3 (6,15),(7,15),(9,16)
6 138 23 3 (18,9),(19,9),(21,10)
6 139 23 3 (20,13),(21,13),(23,14)
6 140 23 3 (8,23),(9,23),(11,24)
6 141 23 3 (24,4),(25,4),(27,5)
6 142 23 3 (23,8),(24,8),(26,9)
6 143 23 3 (11,20),(12,20),(14,21)
6 144 23 3 (3,3),(4,3),(6,4)
6 145 23 3 (9,12),(10,12),(12,13)
6 146 23 3 (3,9),(4,9),(6,10)
6 147 23 3 (5,10),(6,10),(8,11)
6 148 23 3 (13,6),(14,6),(16,7)
6 149 23 3 (23,9),(24,9),(26,10)
6 150 23 3 (15,15),(16,15),(18,16)
6 151 23 3 (25,9),(26,9),(28,10)
7 152 24 3 (23,6),(24,6),(26,7)
7 153 24 3 (12,7),(13,7),(15,8)
7 154 24 3 (24,6),(25,6),(27,7)
7 155 24 3 (23,17),(24,17),(26,18)
7 156 24 3 (4,11),(5,11),(7,12)
7 157 24 3 (22,6),(23,6),(25,7)
7 158 24 3 (7,24),(8,24),(10,25)
7 159 24 3 (13,15),(14,15),(16,16)
7 160 24 3 (9,14),(10,14),(12,15)
7 161 24 3 (7,4),(8,4),(10,5)
7 162 24 3 (7,11),(8,11),(10,12)
7 163 24 3 (8,10),(9,10),(11,11)
7 164 24 3 (4,1),(5,1),(7,2)
7 165 24 3 (9,5),(10,5),(12,6)
7 166 24 3 (9,19),(10,19),(12,20)
7 167 24 3 (12,16),(13,16),(15,17)
7 168 24 3 (19,13),(20,13),(22,14)
7 169 24 3 (16,10),(17,10),(19,11)
7 170 24 3 (13,12),(14,12),(16,13)
7 171 24 3 (15,11),(16,11),(18,12)
7 172 24 3 (13,4),(14,4),(16,5)
7 173 24 3 (22,23),(23,23),(25,24)
7 174 24 3 (3,1),(4,1),(6,2)
7 175 24 3 (21,10),(22,10),(24,11)
7 176 24 3 (15,23),(16,23),(18,24)
7 177 24 3 (23,21),(24,21),(26,22)
7 178 24 3 (26,14),(27,14),(29,15)
7 179 24 3 (20,24),(21,24),(23,25)
7 180 24 3 (25,8),(26,8),(28,9)
7 181 24 3 (5,9),(6,9),(8,10)
8 182 24 3 (21,13),(22,13),(24,14)
8 183 24 3 (16,19),(17,19),(19,20)
8 184 24 3 (6,10),(7,10),(9,11)
8 185 24 3 (5,19),(6,19),(8,20)
8 186 24 3 (17,5),(18,5),(20,6)
8 187 24 3 (16,15),(17,15),(19,16)
8 188 24 3 (23,20),(24,20),(26,21)
8 189 24 3 (25,24),(26,24),(28,25)
8 190 24 3 (16,22),(17,22),(19,23)
8 191 24 3 (16,17),(17,17),(19,18)
8 192 24 3 (24,9),(25,9),(27,10)
8 193 24 3 (20,24),(21,24),(23,25)
8 194 24 3 (9,14),(10,14),(12,15)
8 195 24 3 (21,21),(22,21),(24,22)
8 196 24 3 (17,3),(18,3),(20,4)
8 197 24 3 (16,16),(17,16),(19,17)
8 198 24 3 (14,15),(15,15),(17,16)
8 199 24 3 (20,16),(21,16),(23,17)
8 200 24 3 (15,19),(16,19),(18,20)
8 201 24 3 (19,17),(20,17),(22,18)
8 202 25 3 (6,15),(7,15),(9,16)
8 203 25 3 (27,4),(28,4),(30,5)
8 204 25 3 (27,14),(28,14),(30,15)
8 205 25 3 (6,9),(7,9),(9,10)
8 206 25 3 (10,16),(11,16),(13,17)
8 207 25 3 (7,12),(8,12),(10,13)
8 208 25 3 (17,2),(18,2),(20,3)
8 209 25 3 (11,4),(12,4),(14,5)
8 210 25 3 (26,3),(27,3),(29,4)
8 211 25 3 (13,24),(14,24),(16,25)
9 212 25 3 (22,11),(23,11),(25,12)
9 213 25 3 (14,10),(15,10),(17,11)
9 214 25 3 (23,6),(24,6),(26,7)
9 215 25 3 (22,17),(23,17),(25,18)
9 216 25 3 (13,18),(14,18),(16,19)
9 217 25 3 (3,21),(4,21),(6,22)
9 218 25 3 (16,19),(17,19),(19,20)
9 219 25 3 (24,8),(25,8),(27,9)
9 220 25 3 (23,19),(24,19),(26,20)
9 221 25 3 (15,8),(16,8),(18,9)
9 222 25 3 (25,20),(26,20),(28,21)
9 223 25 3 (18,14),(19,14),(21,15)
9 224 25 3 (12,12),(13,12),(15,13)
9 225 25 3 (4,17),(5,17),(7,18)
9 226 25 3 (18,17),(19,17),(21,18)
9 227 25 3 (25,3),(26,3),(28,4)
9 228 25 3 (8,6),(9,6),(11,7)
9 229 25 3 (20,18),(21,18),(23,19)
9 230 25 3 (25,8),(26,8),(28,9)
9 231 25 3 (24,9),(25,9),(27,10)
9 232 25 3 (9,3),(10,3),(12,4)
9 233 25 3 (3,17),(4,17),(6,18)
9 234 25 3 (23,21),(24,21),(26,22)
9 235 25 3 (15,22),(16,22),(18,23)
9 236 25 3 (6,2),(7,2),(9,3)
9 237 25 3 (19,19),(20,19),(22,20)
9 238 25 3 (8,8),(9,8),(11,9)
9 239 25 3 (12,7),(13,7),(15,8)
9 240 25 3 (26,18),(27,18),(29,19)
9 241 25 3 (6,10),(7,10),(9,11)
10 242 25 3 (21,13),(22,13),(24,14)
10 243 25 3 (24,14),(25,14),(27,15)
10 244 25 3 (18,24),(19,24),(21,25)
10 245 25 3 (16,13),(17,13),(19,14)
10 246 25 3 (21,7),(22,7),(24,8)
10 247 25 3 (16,21),(17,21),(19,22)
10 248 25 3 (4,22),(5,22),(7,23)
10 249 25 3 (14,8),(15,8),(17,9)
10 250 25 3 (25,6),(26,6),(28,7)
10 251 25 3 (6,4),(7,4),(9,5)
10 252 26 3 (20,10),(21,10),(23,11)
10 253 26 3 (17,21),(18,21),(20,22)
10 254 26 3 (24,3),(25,3),(27,4)
10 255 26 3 (4,26),(5,26),(7,27)
10 256 26 3 (16,20),(17,20),(19,21)
10 257 26 3 (19,6),(20,6),(22,7)
10 258 26 3 (25,8),(26,8),(28,9)
10 259 26 3 (20,19),(21,19),(23,20)
10 260 26 3 (7,25),(8,25),(10,26)
10 261 26 3 (13,21),(14,21),(16,22)
10 262 26 3 (8,21),(9,21),(11,22)
10 263 26 3 (10,8),(11,8),(13,9)
10 264 26 3 (26,6),(27,6),(29,7)
10 265 26 3 (26,20),(27,20),(29,21)
10 266 26 3 (27,6),(28,6),(30,7)
10 267 26 3 (16,1),(17,1),(19,2)
10 268 26 3 (17,1),(18,1),(20,2)
10 269 26 3 (6,11),(7,11),(9,12)
10 270 26 3 (7,8),(8,8),(10,9)
10 271 26 3 (16,18),(17,18),(19,19)
11 272 26 3 (13,7),(14,7),(16,8)
11 273 26 3 (5,8),(6,8),(8,9)
11 274 26 3 (24,21),(25,21),(27,22)
11 275 26 3 (17,6),(18,6),(20,7)
11 276 26 3 (7,13),(8,13),(10,14)
11 277 26 3 (10,26),(11,26),(13,27)
11 278 26 3 (21,19),(22,19),(24,20)
11 279 26 3 (5,19),(6,19),(8,20)
11 280 26 3 (12,7),(13,7),(15,8)
11 281 26 3 (4,13),(5,13),(7,14)
11 282 26 3 (3,24),(4,24),(6,25)
11 283 26 3 (21,11),(22,11),(24,12)
11 284 26 3 (12,6),(13,6),(15,7)
11 285 26 3 (4,3),(5,3),(7,4)
11 286 26 3 (26,14),(27,14),(29,15)
11 287 26 3 (22,2),(23,2),(25,3)
11 288 26 3 (10,1),(11,1),(13,2)
11 289 26 3 (9,14),(10,14),(12,15)
11 290 26 3 (21,2),(22,2),(24,3)
11 291 26 3 (23,14),(24,14),(26,15)
11 292 26 3 (8,4),(9,4),(11,5)
11 293 26 3 (20,20),(21,20),(23,21)
11 294 26 3 (18,4),(19,4),(21,5)
11 295 26 3 (18,25),(19,25),(21,26)
11 296 26 3 (11,12),(12,12),(14,13)
11 297 26 3 (15,8),(16,8),(18,9)
11 298 26 3 (6,23),(7,23),(9,24)
11 299 26 3 (11,25),(12,25),(14,26)
11 300 26 3 (8,19),(9,19),(11,20)
11 301 26 3 (24,5),(25,5),(27,6)
12 302 27 3 (20,5),(21,5),(23,6)
12 303 27 3 (24,22),(25,22),(27,23)
12 304 27 3 (28,2),(29,2),(31,3)
12 305 27 3 (17,25),(18,25),(20,26)
12 306 27 3 (24,1),(25,1),(27,2)
12 307 27 3 (26,17),(27,17),(29,18)
12 308 27 3 (5,19),(6,19),(8,20)
12 309 27 3 (18,21),(19,21),(21,22)
12 310 27 3 (27,8),(28,8),(30,9)
12 311 27 3 (22,7),(23,7),(25,8)
12 312 27 3 (7,6),(8,6),(10,7)
12 313 27 3 (13,17),(14,17),(16,18)
12 314 27 3 (7,12),(8,12),(10,13)
12 315 27 3 (6,18),(7,18),(9,19)
12 316 27 3 (6,18),(7,18),(9,19)
12 317 27 3 (17,10),(18,10),(20,11)
12 318 27 3 (25,8),(26,8),(28,9)
12 319 27 3 (25,27),(26,27),(28,28)
12 320 27 3 (8,7),(9,7),(11,8)
12 321 27 3 (18,5),(19,5),(21,6)
12 322 27 3 (27,15),(28,15),(30,16)
12 323 27 3 (29,9),(30,9),(32,10)
12 324 27 3 (19,11),(20,11),(22,12)
12 325 27 3 (26,7),(27,7),(29,8)
12 326 27 3 (11,6),(12,6),(14,7)
12 327 27 3 (7,15),(8,15),(10,16)
12 328 27 3 (13,10),(14,10),(16,11)
12 329 27 3 (16,6),(17,6),(19,7)
12 330 27 3 (17,15),(18,15),(20,16)
12 331 27 3 (7,7),(8,7),(10,8)
13 332 27 3 (24,4),(25,4),(27,5)
13 333 27 3 (10,16),(11,16),(13,17)
13 334 27 3 (22,2),(23,2),(25,3)
13 335 27 3 (11,18),(12,18),(14,19)
13 336 27 3 (25,21),(26,21),(28,22)
13 337 27 3 (3,23),(4,23),(6,24)
13 338 27 3 (10,11),(11,11),(13,12)
13 339 27 3 (19,26),(20,26),(22,27)
13 340 27 3 (3,26),(4,26),(6,27)
13 341 27 3 (3,4),(4,4),(6,5)
13 342 27 3 (3,2),(4,2),(6,3)
13 343 27 3 (19,27),(20,27),(22,28)
13 344 27 3 (8,6),(9,6),(11,7)
13 345 27 3 (14,1),(15,1),(17,2)
13 346 27 3 (16,26),(17,26),(19,27)
13 347 27 3 (14,20),(15,20),(17,21)
13 348 27 3 (17,26),(18,26),(20,27)
13 349 27 3 (14,6),(15,6),(17,7)
13 350 27 3 (20,1),(21,1),(23,2)
13 351 27 3 (9,13),(10,13),(12,14)
13 352 28 3 (8,7),(9,7),(11,8)
13 353 28 3 (15,20),(16,20),(18,21)
13 354 28 3 (18,28),(19,28),(21,29)
13 355 28 3 (10,8),(11,8),(13,9)
13 356 28 3 (17,16),(18,16),(20,17)
13 357 28 3 (30,17),(31,17),(33,18)
13 358 28 3 (10,5),(11,5),(13,6)
13 359 28 3 (14,8),(15,8),(17,9)
13 360 28 3 (16,13),(17,13),(19,14)
13 361 28 3 (5,15),(6,15),(8,16)
14 362 28 3 (20,25),(21,25),(23,26)
14 363 28 3 (15,20),(16,20),(18,21)
14 364 28 3 (16,21),(17,21),(19,22)
14 365 28 3 (12,28),(13,28),(15,29)
14 366 28 3 (15,2),(16,2),(18,3)
14 367 28 3 (5,2),(6,2),(8,3)
14 368 28 3 (30,5),(31,5),(33,6)
14 369 28 3 (28,12),(29,12),(31,13)
14 370 28 3 (17,3),(18,3),(20,4)
14 371 28 3 (11,24),(12,24),(14,25)
14 372 28 3 (25,24),(26,24),(28,25)
14 373 28 3 (20,27),(21,27),(23,28)
14 374 28 3 (21,3),(22,3),(24,4)
14 375 28 3 (8,3),(9,3),(11,4)
14 376 28 3 (6,14),(7,14),(9,15)
14 377 28 3 (4,3),(5,3),(7,4)
14 378 28 3 (28,2),(29,2),(31,3)
14 379 28 3 (6,23),(7,23),(9,24)
14 380 28 3 (25,6),(26,6),(28,7)
14 381 28 3 (20,19),(21,19),(23,20)
14 382 28 3 (12,8),(13,8),(15,9)
14 383 28 3 (14,16),(15,16),(17,17)
14 384 28 3 (30,8),(31,8),(33,9)
14 385 28 3 (27,13),(28,13),(30,14)
14 386 28 3 (16,16),(17,16),(19,17)
14 387 28 3 (10,24),(11,24),(13,25)
14 388 28 3 (22,3),(23,3),(25,4)
14 389 28 3 (29,21),(30,21),(32,22)
14 390 28 3 (13,26),(14,26),(16,27)
14 391 28 3 (25,22),(26,22),(28,23)
15 392 28 3 (11,8),(12,8),(14,9)
15 393 28 3 (23,20),(24,20),(26,21)
15 394 28 3 (27,9),(28,9),(30,10)
15 395 28 3 (23,28),(24,28),(26,29)
15 396 28 3 (23,21),(24,21),(26,22)
15 397 28 3 (23,26),(24,26),(26,27)
15 398 28 3 (22,22),(23,22),(25,23)
15 399 28 3 (19,2),(20,2),(22,3)
15 400 28 3 (5,11),(6,11),(8,12)
15 401 28 3 (26,12),(27,12),(29,13)
15 402 29 3 (5,16),(6,16),(8,17)
15 403 29 3 (7,2),(8,2),(10,3)
15 404 29 3 (25,13),(26,13),(28,14)
15 405 29 3 (30,27),(31,27),(33,28)
15 406 29 3 (6,11),(7,11),(9,12)
15 407 29 3 (29,19),(30,19),(32,20)
15 408 29 3 (27,23),(28,23),(30,24)
15 409 29 3 (17,12),(18,12),(20,13)
15 410 29 3 (26,5),(27,5),(29,6)
15 411 29 3 (29,25),(30,25),(32,26)
15 412 29 3 (30,22),(31,22),(33,23)
15 413 29 3 (28,16),(29,16),(31,17)
15 414 29 3 (20,5),(21,5),(23,6)
15 415 29 3 (9,27),(10,27),(12,28)
15 416 29 3 (27,26),(28,26),(30,27)
15 417 29 3 (17,3),(18,3),(20,4)
15 418 29 3 (11,24),(12,24),(14,25)
15 419 29 3 (29,22),(30,22),(32,23)
15 420 29 3 (22,23),(23,23),(25,24)
15 421 29 3 (5,17),(6,17),(8,18)
16 422 29 3 (31,18),(32,18),(34,19)
16 423 29 3 (3,26),(4,26),(6,27)
16 424 29 3 (10,17),(11,17),(13,18)
16 425 29 3 (18,12),(19,12),(21,13)
16 426 29 3 (3,21),(4,21),(6,22)
16 427 29 3 (24,1),(25,1),(27,2)
16 428 29 3 (7,11),(8,11),(10,12)
16 429 29 3 (20,23),(21,23),(23,24)
16 430 29 3 (18,13),(19,13),(21,14)
16 431 29 3 (31,28),(32,28),(34,29)
16 432 29 3 (10,13),(11,13),(13,14)
16 433 29 3 (28,16),(29,16),(31,17)
16 434 29 3 (18,20),(19,20),(21,21)
16 435 29 3 (21,11),(22,11),(24,12)
16 436 29 3 (20,16),(21,16),(23,17)
16 437 29 3 (3,6),(4,6),(6,7)
16 438 29 3 (28,10),(29,10),(31,11)
16 439 29 3 (11,11),(12,11),(14,12)
16 440 29 3 (24,2),(25,2),(27,3)
16 441 29 3 (24,10),(25,10),(27,11)
16 442 29 3 (13,19),(14,19),(16,20)
16 443 29 3 (7,18),(8,18),(10,19)
16 444 29 3 (14,29),(15,29),(17,30)
16 445 29 3 (27,9),(28,9),(30,10)
16 446 29 3 (4,1),(5,1),(7,2)
16 447 29 3 (27,9),(28,9),(30,10)
16 448 29 3 (23,6),(24,6),(26,7)
16 449 29 3 (3,29),(4,29),(6,30)
16 450 29 3 (8,23),(9,23),(11,24)
16 451 29 3 (26,14),(27,14),(29,15)
17 452 30 3 (7,19),(8,19),(10,20)
17 453 30 3 (32,23),(33,23),(35,24)
17 454 30 3 (3,1),(4,1),(6,2)
17 455 30 3 (25,18),(26,18),(28,19)
17 456 30 3 (13,20),(14,20),(16,21)
17 457 30 3 (9,12),(10,12),(12,13)
17 458 30 3 (20,25),(21,25),(23,26)
17 459 30 3 (31,29),(32,29),(34,30)
17 460 30 3 (14,5),(15,5),(17,6)
17 461 30 3 (16,3),(17,3),(19,4)
17 462 30 3 (22,1),(23,1),(25,2)
17 463 30 3 (8,14),(9,14),(11,15)
17 464 30 3 (12,13),(13,13),(15,14)
17 465 30 3 (9,5),(10,5),(12,6)
17 466 30 3 (32,15),(33,15),(35,16)
17 467 30 3 (25,27),(26,27),(28,28)
17 468 30 3 (10,25),(11,25),(13,26)
17 469 30 3 (15,4),(16,4),(18,5)
17 470 30 3 (20,4),(21,4),(23,5)
17 471 30 3 (7,5),(8,5),(10,6)
17 472 30 3 (14,17),(15,17),(17,18)
17 473 30 3 (14,17),(15,17),(17,18)
17 474 30 3 (10,4),(11,4),(13,5)
17 475 30 3 (29,1),(30,1),(32,2)
17 476 30 3 (18,16),(19,16),(21,17)
17 477 30 3 (20,9),(21,9),(23,10)
17 478 30 3 (21,13),(22,13),(24,14)
17 479 30 3 (17,9),(18,9),(20,10)
17 480 30 3 (21,26),(22,26),(24,27)
17 481 30 3 (22,26),(23,26),(25,27)
18 482 30 3 (16,20),(17,20),(19,21)
18 483 30 3 (10,28),(11,28),(13,29)
18 484 30 3 (15,1),(16,1),(18,2)
18 485 30 3 (7,4),(8,4),(10,5)
18 486 30 3 (16,1),(17,1),(19,2)
18 487 30 3 (4,13),(5,13),(7,14)
18 488 30 3 (4,6),(5,6),(7,7)
18 489 30 3 (21,7),(22,7),(24,8)
18 490 30 3 (31,2),(32,2),(34,3)
18 491 30 3 (7,30),(8,30),(10,31)
18 492 30 3 (11,6),(12,6),(14,7)
18 493 30 3 (6,15),(7,15),(9,16)
18 494 30 3 (11,13),(12,13),(14,14)
18 495 30 3 (27,17),(28,17),(30,18)
18 496 30 3 (31,28),(32,28),(34,29)
18 497 30 3 (4,14),(5,14),(7,15)
18 498 30 3 (30,30),(31,30),(33,31)
18 499 30 3 (28,3),(29,3),(31,4)
18 500 30 3 (5,20),(6,20),(8,21)
18 501 30 3 (27,27),(28,27),(30,28)
18 502 31 2 (7,27),(8,27)
18 503 31 2 (14,2),(15,2)
18 504 31 2 (31,21),(32,21)
18 505 31 2 (13,7),(14,7)
18 506 31 2 (22,16),(23,16)
18 507 31 2 (4,8),(5,8)
18 508 31 2 (7,30),(8,30)
18 509 31 2 (19,25),(20,25)
18 510 31 2 (5,27),(6,27)
18 511 31 2 (22,25),(23,25)
19 512 31 2 (23,10),(24,10)
19 513 31 2 (23,27),(24,27)
19 514 31 2 (24,30),(25,30)
19 515 31 2 (33,24),(34,24)
19 516 31 2 (9,6),(10,6)
19 517 31 2 (6,28),(7,28)
19 518 31 2 (21,15),(22,15)
19 519 31 2 (20,1),(21,1)
19 520 31 2 (21,3),(22,3)
19 521 31 2 (32,18),(33,18)
19 522 31 2 (22,31),(23,31)
19 523 31 2 (27,9),(28,9)
19 524 31 2 (26,10),(27,10)
19 525 31 2 (25,31),(26,31)
19 526 31 2 (5,1),(6,1)
19 527 31 2 (27,22),(28,22)
19 528 31 2 (27,9),(28,9)
19 529 31 2 (20,9),(21,9)
19 530 31 2 (23,18),(24,18)
19 531 31 2 (33,3),(34,3)
19 532 31 2 (18,4),(19,4)
19 533 31 2 (29,1),(30,1)
19 534 31 2 (25,9),(26,9)
19 535 31 2 (9,27),(10,27)
19 536 31 2 (17,31),(18,31)
19 537 31 2 (33,29),(34,29)
19 538 31 2 (13,17),(14,17)
19 539 31 2 (15,17),(16,17)
19 540 31 2 (3,25),(4,25)
19 541 31 2 (4,21),(5,21)
20 542 31 2 (26,13),(27,13)
20 543 31 2 (5,19),(6,19)
20 544 31 2 (16,30),(17,30)
20 545 31 2 (29,26),(30,26)
20 546 31 2 (25,9),(26,9)
20 547 31 2 (12,20),(13,20)
20 548 31 2 (4,11),(5,11)
20 549 31 2 (4,29),(5,29)
20 550 31 2 (14,6),(15,6)
20 551 31 2 (10,9),(11,9)
20 552 32 2 (10,29),(11,29)
20 553 32 2 (6,13),(7,13)
20 554 32 2 (8,14),(9,14)
20 555 32 2 (13,6),(14,6)
20 556 32 2 (24,15),(25,15)
20 557 32 2 (22,1),(23,1)
20 558 32 2 (24,21),(25,21)
20 559 32 2 (19,2),(20,2)
20 560 32 2 (18,20),(19,20)
20 561 32 2 (23,27),(24,27)
20 562 32 2 (29,17),(30,17)
20 563 32 2 (31,2),(32,2)
20 564 32 2 (7,25),(8,25)
20 565 32 2 (24,6),(25,6)
20 566 32 2 (18,19),(19,19)
20 567 32 2 (28,3),(29,3)
20 568 32 2 (28,19),(29,19)
20 569 32 2 (31,19),(32,19)
20 570 32 2 (4,16),(5,16)
20 571 32 2 (9,8),(10,8)
21 572 32 2 (9,25),(10,25)
21 573 32 2 (5,23),(6,23)
21 574 32 2 (21,4),(22,4)
21 575 32 2 (26,23),(27,23)
21 576 32 2 (26,7),(27,7)
21 577 32 2 (23,11),(24,11)
21 578 32 2 (28,11),(29,11)
21 579 32 2 (20,28),(21,28)
21 580 32 2 (15,29),(16,29)
21 581 32 2 (22,11),(23,11)
21 582 32 2 (34,6),(35,6)
21 583 32 2 (20,5),(21,5)
21 584 32 2 (29,30),(30,30)
21 585 32 2 (24,23),(25,23)
21 586 32 2 (6,28),(7,28)
21 587 32 2 (8,4),(9,4)
21 588 32 2 (10,17),(11,17)
21 589 32 2 (6,21),(7,21)
21 590 32 2 (27,23),(28,23)
21 591 32 2 (20,16),(21,16)
21 592 32 2 (21,4),(22,4)
21 593 32 2 (28,13),(29,13)
21 594 32 2 (5,3),(6,3)
21 595 32 2 (15,5),(16,5)
21 596 32 2 (12,4),(13,4)
21 597 32 2 (12,11),(13,11)
21 598 32 2 (32,18),(33,18)
21 599 32 2 (3,31),(4,31)
21 600 32 2 (19,6),(20,6)
21 601 32 2 (27,1),(28,1)
22 602 33 2 (22,14),(23,14)
22 603 33 2 (34,10),(35,10)
22 604 33 2 (15,33),(16,33)
22 605 33 2 (15,7),(16,7)
22 606 33 2 (7,29),(8,29)
22 607 33 2 (22,6),(23,6)
22 608 33 2 (30,7),(31,7)
22 609 33 2 (13,11),(14,11)
22 610 33 2 (10,9),(11,9)
22 611 33 2 (25,9),(26,9)
22 612 33 2 (33,32),(34,32)
22 613 33 2 (20,12),(21,12)
22 614 33 2 (18,20),(19,20)
22 615 33 2 (3,3),(4,3)
22 616 33 2 (30,10),(31,10)
22 617 33 2 (12,23),(13,23)
22 618 33 2 (7,24),(8,24)
22 619 33 2 (14,4),(15,4)
22 620 33 2 (12,19),(13,19)
22 621 33 2 (17,31),(18,31)
22 622 33 2 (3,20),(4,20)
22 623 33 2 (3,21),(4,21)
22 624 33 2 (23,22),(24,22)
22 625 33 2 (27,3),(28,3)
22 626 33 2 (31,32),(32,32)
22 627 33 2 (7,1),(8,1)
22 628 33 2 (25,1),(26,1)
22 629 33 2 (10,26),(11,26)
22 630 33 2 (14,33),(15,33)
22 631 33 2 (23,11),(24,11)
23 632 33 2 (35,2),(36,2)
23 633 33 2 (15,31),(16,31)
23 634 33 2 (5,7),(6,7)
23 635 33 2 (19,18),(20,18)
23 636 33 2 (7,10),(8,10)
23 637 33 2 (35,31),(36,31)
23 638 33 2 (24,16),(25,16)
23 639 33 2 (8,6),(9,6)
23 640 33 2 (4,7),(5,7)
23 641 33 2 (26,21),(27,21)
23 642 33 2 (31,27),(32,27)
23 643 33 2 (6,6),(7,6)
23 644 33 2 (22,21),(23,21)
23 645 33 2 (35,33),(36,33)
23 646 33 2 (8,31),(9,31)
23 647 33 2 (13,24),(14,24)
23 648 33 2 (12,18),(13,18)
23 649 33 2 (24,2),(25,2)
23 650 33 2 (32,15),(33,15)
23 651 33 2 (9,7),(10,7)
23 652 34 2 (25,30),(26,30)
23 653 34 2 (14,13),(15,13)
23 654 34 2 (36,26),(37,26)
23 655 34 2 (20,31),(21,31)
23 656 34 2 (28,6),(29,6)
23 657 34 2 (24,31),(25,31)
23 658 34 2 (20,5),(21,5)
23 659 34 2 (11,5),(12,5)
23 660 34 2 (35,29),(36,29)
23 661 34 2 (3,18),(4,18)
24 662 34 2 (23,31),(24,31)
24 663 34 2 (5,17),(6,17)
24 664 34 2 (16,31),(17,31)
24 665 34 2 (4,34),(5,34)
24 666 34 2 (24,3),(25,3)
24 667 34 2 (35,18),(36,18)
24 668 34 2 (16,2),(17,2)
24 669 34 2 (11,26),(12,26)
24 670 34 2 (26,17),(27,17)
24 671 34 2 (15,9),(16,9)
24 672 34 2 (11,32),(12,32)
24 673 34 2 (31,20),(32,20)
24 674 34 2 (4,3),(5,3)
24 675 34 2 (31,24),(32,24)
24 676 34 2 (15,29),(16,29)
24 677 34 2 (35,32),(36,32)
24 678 34 2 (11,1),(12,1)
24 679 34 2 (11,16),(12,16)
24 680 34 2 (4,10),(5,10)
24 681 34 2 (8,15),(9,15)
24 682 34 2 (7,7),(8,7)
24 683 34 2 (24,30),(25,30)
24 684 34 2 (31,21),(32,21)
24 685 34 2 (9,19),(10,19)
24 686 34 2 (16,4),(17,4)
24 687 34 2 (31,30),(32,30)
24 688 34 2 (19,15),(20,15)
24 689 34 2 (21,34),(22,34)
24 690 34 2 (26,20),(27,20)
24 691 34 2 (8,20),(9,20)
25 692 34 2 (9,12),(10,12)
25 693 34 2 (9,22),(10,22)
25 694 34 2 (7,28),(8,28)
25 695 34 2 (21,10),(22,10)
25 696 34 2 (29,32),(30,32)
25 697 34 2 (14,6),(15,6)
25 698 34 2 (21,12),(22,12)
25 699 34 2 (12,18),(13,18)
25 700 34 2 (6,23),(7,23)
25 701 34 2 (35,1),(36,1)
25 702 35 2 (10,28),(11,28)
25 703 35 2 (34,27),(35,27)
25 704 35 2 (27,1),(28,1)
25 705 35 2 (20,4),(21,4)
25 706 35 2 (21,20),(22,20)
25 707 35 2 (37,10),(38,10)
25 708 35 2 (9,35),(10,35)
25 709 35 2 (8,30),(9,30)
25 710 35 2 (3,3),(4,3)
25 711 35 2 (23,28),(24,28)
25 712 35 2 (19,6),(20,6)
25 713 35 2 (14,1),(15,1)
25 714 35 2 (28,19),(29,19)
25 715 35 2 (36,27),(37,27)
25 716 35 2 (3,4),(4,4)
25 717 35 2 (27,7),(28,7)
25 718 35 2 (5,32),(6,32)
25 719 35 2 (13,22),(14,22)
25 720 35 2 (5,7),(6,7)
25 721 35 2 (25,33),(26,33)
26 722 35 2 (17,31),(18,31)
26 723 35 2 (15,24),(16,24)
26 724 35 2 (6,23),(7,23)
26 725 35 2 (11,31),(12,31)
26 726 35 2 (12,17),(13,17)
26 727 35 2 (13,10),(14,10)
26 728 35 2 (32,1),(33,1)
26 729 35 2 (24,33),(25,33)
26 730 35 2 (13,8),(14,8)
26 731 35 2 (13,3),(14,3)
26 732 35 2 (37,24),(38,24)
26 733 35 2 (34,13),(35,13)
26 734 35 2 (30,7),(31,7)
26 735 35 2 (4,2),(5,2)
26 736 35 2 (14,30),(15,30)
26 737 35 2 (28,29),(29,29)
26 738 35 2 (15,7),(16,7)
26 739 35 2 (37,20),(38,20)
26 740 35 2 (25,4),(26,4)
26 741 35 2 (15,33),(16,33)
26 742 35 2 (15,10),(16,10)
26 743 35 2 (37,34),(38,34)
26 744 35 2 (29,32),(30,32)
26 745 35 2 (34,16),(35,16)
26 746 35 2 (36,14),(37,14)
26 747 35 2 (18,4),(19,4)
26 748 35 2 (21,8),(22,8)
26 749 35 2 (18,4),(19,4)
26 750 35 2 (8,6),(9,6)
26 751 35 2 (10,18),(11,18)
27 752 36 2 (34,31),(35,31)
27 753 36 2 (6,27),(7,27)
27 754 36 2 (10,28),(11,28)
27 755 36 2 (24,24),(25,24)
27 756 36 2 (38,23),(39,23)
27 757 36 2 (12,22),(13,22)
27 758 36 2 (24,3),(25,3)
27 759 36 2 (26,12),(27,12)
27 760 36 2 (15,25),(16,25)
27 761 36 2 (19,5),(20,5)
27 762 36 2 (16,4),(17,4)
27 763 36 2 (17,29),(18,29)
27 764 36 2 (26,33),(27,33)
27 765 36 2 (10,17),(11,17)
27 766 36 2 (31,24),(32,24)
27 767 36 2 (18,24),(19,24)
27 768 36 2 (31,27),(32,27)
27 769 36 2 (16,6),(17,6)
27 770 36 2 (28,30),(29,30)
27 771 36 2 (27,29),(28,29)
27 772 36 2 (18,11),(19,11)
27 773 36 2 (37,14),(38,14)
27 774 36 2 (8,15),(9,15)
27 775 36 2 (31,5),(32,5)
27 776 36 2 (19,32),(20,32)
27 777 36 2 (34,12),(35,12)
27 778 36 2 (11,24),(12,24)
27 779 36 2 (26,5),(27,5)
27 780 36 2 (23,18),(24,18)
27 781 36 2 (21,21),(22,21)
28 782 36 2 (16,16),(17,16)
28 783 36 2 (18,16),(19,16)
28 784 36 2 (13,9),(14,9)
28 785 36 2 (14,3),(15,3)
28 786 36 2 (18,3),(19,3)
28 787 36 2 (35,5),(36,5)
28 788 36 2 (30,19),(31,19)
28 789 36 2 (4,5),(5,5)
28 790 36 2 (17,20),(18,20)
28 791 36 2 (16,34),(17,34)
28 792 36 2 (26,29),(27,29)
28 793 36 2 (38,24),(39,24)
28 794 36 2 (17,19),(18,19)
28 795 36 2 (36,2),(37,2)
28 796 36 2 (12,15),(13,15)
28 797 36 2 (22,25),(23,25)
28 798 36 2 (15,27),(16,27)
28 799 36 2 (6,16),(7,16)
28 800 36 2 (30,19),(31,19)
28 801 36 2 (38,33),(39,33)
28 802 37 2 (39,34),(40,34)
28 803 37 2 (24,25),(25,25)
28 804 37 2 (38,26),(39,26)
28 805 37 2 (4,26),(5,26)
28 806 37 2 (5,34),(6,34)
28 807 37 2 (11,24),(12,24)
28 808 37 2 (31,31),(32,31)
28 809 37 2 (10,12),(11,12)
28 810 37 2 (34,23),(35,23)
28 811 37 2 (25,3),(26,3)
29 812 37 2 (25,9),(26,9)
29 813 37 2 (29,21),(30,21)
29 814 37 2 (19,11),(20,11)
29 815 37 2 (26,22),(27,22)
29 816 37 2 (19,17),(20,17)
29 817 37 2 (8,5),(9,5)
29 818 37 2 (9,37),(10,37)
29 819 37 2 (28,25),(29,25)
29 820 37 2 (35,3),(36,3)
29 821 37 2 (6,2),(7,2)
29 822 37 2 (17,25),(18,25)
29 823 37 2 (22,31),(23,31)
29 824 37 2 (31,36),(32,36)
29 825 37 2 (10,8),(11,8)
29 826 37 2 (15,37),(16,37)
29 827 37 2 (20,32),(21,32)
29 828 37 2 (12,12),(13,12)
29 829 37 2 (34,19),(35,19)
29 830 37 2 (30,33),(31,33)
29 831 37 2 (34,11),(35,11)
29 832 37 2 (29,32),(30,32)
29 833 37 2 (8,28),(9,28)
29 834 37 2 (23,5),(24,5)
29 835 37 2 (36,10),(37,10)
29 836 37 2 (20,36),(21,36)
29 837 37 2 (8,9),(9,9)
29 838 37 2 (26,24),(27,24)
29 839 37 2 (36,37),(37,37)
29 840 37 2 (32,3),(33,3)
29 841 37 2 (36,5),(37,5)
30 842 37 2 (28,14),(29,14)
30 843 37 2 (7,5),(8,5)
30 844 37 2 (32,23),(33,23)
30 845 37 2 (3,28),(4,28)
30 846 37 2 (26,23),(27,23)
30 847 37 2 (9,30),(10,30)
30 848 37 2 (25,20),(26,20)
30 849 37 2 (23,22),(24,22)
30 850 37 2 (8,5),(9,5)
30 851 37 2 (32,17),(33,17)
30 852 38 2 (18,11),(19,11)
30 853 38 2 (23,6),(24,6)
30 854 38 2 (10,12),(11,12)
30 855 38 2 (17,27),(18,27)
30 856 38 2 (23,3),(24,3)
30 857 38 2 (9,22),(10,22)
30 858 38 2 (26,13),(27,13)
30 859 38 2 (15,15),(16,15)
30 860 38 2 (17,24),(18,24)
30 861 38 2 (13,34),(14,34)
30 862 38 2 (26,6),(27,6)
30 863 38 2 (14,14),(15,14)
30 864 38 2 (16,7),(17,7)
30 865 38 2 (34,28),(35,28)
30 866 38 2 (22,25),(23,25)
30 867 38 2 (28,12),(29,12)
30 868 38 2 (32,38),(33,38)
30 869 38 2 (8,9),(9,9)
30 870 38 2 (29,29),(30,29)
30 871 38 2 (37,35),(38,35)
31 872 38 2 (19,29),(20,29)
31 873 38 2 (13,26),(14,26)
31 874 38 2 (24,26),(25,26)
31 875 38 2 (27,35),(28,35)
31 876 38 2 (14,8),(15,8)
31 877 38 2 (14,20),(15,20)
31 878 38 2 (38,12),(39,12)
31 879 38 2 (11,14),(12,14)
31 880 38 2 (24,7),(25,7)
31 881 38 2 (40,22),(41,22)
31 882 38 2 (35,7),(36,7)
31 883 38 2 (32,23),(33,23)
31 884 38 2 (32,12),(33,12)
31 885 38 2 (22,32),(23,32)
31 886 38 2 (27,12),(28,12)
31 887 38 2 (7,26),(8,26)
31 888 38 2 (18,2),(19,2)
31 889 38 2 (8,28),(9,28)
31 890 38 2 (34,29),(35,29)
31 891 38 2 (24,34),(25,34)
31 892 38 2 (17,19),(18,19)
31 893 38 2 (15,7),(16,7)
31 894 38 2 (17,8),(18,8)
31 895 38 2 (8,2),(9,2)
31 896 38 2 (37,25),(38,25)
31 897 38 2 (6,21),(7,21)
31 898 38 2 (13,32),(14,32)
31 899 38 2 (23,10),(24,10)
31 900 38 2 (28,25),(29,25)
31 901 38 2 (9,22),(10,22)
32 902 39 2 (29,4),(30,4)
32 903 39 5 (16,25),(17,25),(19,26),(22,26),(26,27)
32 904 39 5 (4,13),(5,13),(7,14),(10,14),(14,15)
32 905 39 5 (19,10),(20,10),(22,11),(25,11),(29,12)
32 906 39 5 (18,32),(19,32),(21,33),(24,33),(28,34)
32 907 39 5 (9,8),(10,8),(12,9),(15,9),(19,10)
32 908 39 5 (30,36),(31,36),(33,37),(36,37),(40,38)
32 909 39 5 (28,17),(29,17),(31,18),(34,18),(38,19)
32 910 39 5 (22,34),(23,34),(25,35),(28,35),(32,36)
32 911 39 5 (32,11),(33,11),(35,12),(38,12),(42,13)
32 912 39 5 (8,26),(9,26),(11,27),(14,27),(18,28)
32 913 39 5 (20,8),(21,8),(23,9),(26,9),(30,10)
32 914 39 5 (33,5),(34,5),(36,6),(39,6),(43,7)
32 915 39 5 (23,31),(24,31),(26,32),(29,32),(33,33)
32 916 39 5 (40,22),(41,22),(43,23),(46,23),(50,24)
32 917 39 5 (9,21),(10,21),(12,22),(15,22),(19,23)
32 918 39 5 (3,19),(4,19),(6,20),(9,20),(13,21)
32 919 39 5 (7,16),(8,16),(10,17),(13,17),(17,18)
32 920 39 5 (3,18),(4,18),(6,19),(9,19),(13,20)
32 921 39 5 (4,18),(5,18),(7,19),(10,19),(14,20)
32 922 39 5 (10,12),(11,12),(13,13),(16,13),(20,14)
32 923 39 5 (22,3),(23,3),(25,4),(28,4),(32,5)
32 924 39 5 (19,38),(20,38),(22,39),(25,39),(29,40)
32 925 39 5 (24,28),(25,28),(27,29),(30,29),(34,30)
32 926 39 5 (9,16),(10,16),(12,17),(15,17),(19,18)
32 927 39 5 (10,36),(11,36),(13,37),(16,37),(20,38)
32 928 39 5 (37,12),(38,12),(40,13),(43,13),(47,14)
32 929 39 5 (8,16),(9,16),(11,17),(14,17),(18,18)
32 930 39 5 (37,12),(38,12),(40,13),(43,13),(47,14)
32 931 39 5 (9,24),(10,24),(12,25),(15,25),(19,26)
33 932 39 5 (39,8),(40,8),(42,9),(45,9),(49,10)
33 933 39 5 (19,23),(20,23),(22,24),(25,24),(29,25)
33 934 39 5 (14,28),(15,28),(17,29),(20,29),(24,30)
33 935 39 5 (6,7),(7,7),(9,8),(12,8),(16,9)
33 936 39 5 (31,38),(32,38),(34,39),(37,39),(41,40)
33 937 39 5 (37,8),(38,8),(40,9),(43,9),(47,10)
33 938 39 5 (14,33),(15,33),(17,34),(20,34),(24,35)
33 939 39 5 (17,31),(18,31),(20,32),(23,32),(27,33)
33 940 39 5 (23,5),(24,5),(26,6),(29,6),(33,7)
33 941 39 5 (19,3),(20,3),(22,4),(25,4),(29,5)
33 942 39 5 (3,17),(4,17),(6,18),(9,18),(13,19)
33 943 39 5 (14,7),(15,7),(17,8),(20,8),(24,9)
33 944 39 5 (29,21),(30,21),(32,22),(35,22),(39,23)
33 945 39 5 (23,35),(24,35),(26,36),(29,36),(33,37)
33 946 39 5 (34,12),(35,12),(37,13),(40,13),(44,14)
33 947 39 5 (18,31),(19,31),(21,32),(24,32),(28,33)
33 948 39 5 (12,5),(13,5),(15,6),(18,6),(22,7)
33 949 39 5 (16,6),(17,6),(19,7),(22,7),(26,8)
33 950 39 5 (9,10),(10,10),(12,11),(15,11),(19,12)
33 951 39 5 (34,37),(35,37),(37,38),(40,38),(44,39)
33 952 40 5 (22,40),(23,40),(25,41),(28,41),(32,42)
33 953 40 5 (4,32),(5,32),(7,33),(10,33),(14,34)
33 954 40 5 (26,32),(27,32),(29,33),(32,33),(36,34)
33 955 40 5 (31,28),(32,28),(34,29),(37,29),(41,30)
33 956 40 5 (39,18),(40,18),(42,19),(45,19),(49,20)
33 957 40 5 (13,3),(14,3),(16,4),(19,4),(23,5)
33 958 40 5 (21,38),(22,38),(24,39),(27,39),(31,40)
33 959 40 5 (16,25),(17,25),(19,26),(22,26),(26,27)
33 960 40 5 (24,25),(25,25),(27,26),(30,26),(34,27)
33 961 40 5 (38,2),(39,2),(41,3),(44,3),(48,4)
34 962 40 5 (42,19),(43,19),(45,20),(48,20),(52,21)
34 963 40 5 (23,39),(24,39),(26,40),(29,40),(33,41)
34 964 40 5 (17,11),(18,11),(20,12),(23,12),(27,13)
34 965 40 5 (32,25),(33,25),(35,26),(38,26),(42,27)
34 966 40 5 (42,17),(43,17),(45,18),(48,18),(52,19)
34 967 40 5 (32,13),(33,13),(35,14),(38,14),(42,15)
34 968 40 5 (22,36),(23,36),(25,37),(28,37),(32,38)
34 969 40 5 (33,17),(34,17),(36,18),(39,18),(43,19)
34 970 40 5 (13,13),(14,13),(16,14),(19,14),(23,15)
34 971 40 5 (9,30),(10,30),(12,31),(15,31),(19,32)
34 972 40 5 (16,12),(17,12),(19,13),(22,13),(26,14)
34 973 40 5 (17,30),(18,30),(20,31),(23,31),(27,32)
34 974 40 5 (3,34),(4,34),(6,35),(9,35),(13,36)
34 975 40 5 (22,16),(23,16),(25,17),(28,17),(32,18)
34 976 40 5 (42,15),(43,15),(45,16),(48,16),(52,17)
34 977 40 5 (38,33),(39,33),(41,34),(44,34),(48,35)
34 978 40 5 (11,4),(12,4),(14,5),(17,5),(21,6)
34 979 40 5 (37,5),(38,5),(40,6),(43,6),(47,7)
34 980 40 5 (37,35),(38,35),(40,36),(43,36),(47,37)
34 981 40 5 (9,7),(10,7),(12,8),(15,8),(19,9)
34 982 40 5 (32,38),(33,38),(35,39),(38,39),(42,40)
34 983 40 5 (26,21),(27,21),(29,22),(32,22),(36,23)
34 984 40 5 (5,14),(6,14),(8,15),(11,15),(15,16)
34 985 40 5 (31,8),(32,8),(34,9),(37,9),(41,10)
34 986 40 5 (30,29),(31,29),(33,30),(36,30),(40,31)
34 987 40 5 (29,11),(30,11),(32,12),(35,12),(39,13)
34 988 40 5 (41,37),(42,37),(44,38),(47,38),(51,39)
34 989 40 5 (33,25),(34,25),(36,26),(39,26),(43,27)
34 990 40 5 (34,26),(35,26),(37,27),(40,27),(44,28)
34 991 40 5 (15,3),(16,3),(18,4),(21,4),(25,5)
35 992 40 5 (31,14),(32,14),(34,15),(37,15),(41,16)
35 993 40 5 (3,34),(4,34),(6,35),(9,35),(13,36)
35 994 40 5 (31,36),(32,36),(34,37),(37,37),(41,38)
35 995 40 5 (41,18),(42,18),(44,19),(47,19),(51,20)
35 996 40 5 (5,39),(6,39),(8,40),(11,40),(15,41)
35 997 40 5 (25,16),(26,16),(28,17),(31,17),(35,18)
35 998 40 5 (10,11),(11,11),(13,12),(16,12),(20,13)
35 999 40 5 (13,22),(14,22),(16,23),(19,23),(23,24)
35 1000 40 5 (17,12),(18,12),(20,13),(23,13),(27,14)
9 813
17 926
17 362
17 253
19 331
24 551
24 667
31 894
32 804
32 786
32 917
39 558
41 141
46 777
50 687
59 680
61 7
66 322
67 627
68 989
77 437
81 639
86 880
88 935
93 840
100 533
107 679
111 367
113 38
119 198
128 585
133 81
135 918
141 504
142 111
148 683
154 814
163 451
165 617
172 177
175 134
184 423
193 824
200 108
204 770
210 900
219 971
227 942
228 227
235 64
241 454
243 640
248 151
253 404
258 6
263 925
271 877
272 423
276 695
277 116
282 458
286 289
295 758
295 753
296 870
299 273
306 935
309 925
309 927
317 129
317 584
322 81
327 517
335 644
336 508
345 487
347 709
356 223
360 106
364 65
370 271
375 925
377 707
385 968
387 111
388 473
393 759
400 615
401 527
409 952
409 888
414 221
423 387
432 4
436 974
445 798
446 948
450 955
453 97
458 802
