3 3 3
3
4 50 100 10
100
1 1 2 0
2 2 3 1 (7,11)
2 4 4 1 (8,12)
2 6 5 1 (9,13)
2 8 6 1 (10,14)
2 10 7 1 (11,15)
2 12 8 1 (12,16)
2 14 9 1 (13,17)
2 16 10 1 (14,18)
2 18 11 1 (15,19)
2 20 12 1 (16,20)
3 21 13 2 (17,21),(18,22)
3 23 14 2 (19,23),(20,24)
3 25 15 2 (21,25),(22,26)
3 27 16 2 (23,27),(24,28)
3 29 17 2 (25,29),(26,30)
3 31 18 2 (27,31),(28,32)
3 33 19 2 (29,33),(30,34)
3 35 20 2 (31,35),(32,36)
3 37 21 2 (33,37),(34,38)
3 39 22 2 (35,39),(36,40)
4 40 23 3 (37,41),(38,42),(39,43)
4 42 24 3 (40,44),(41,45),(42,46)
4 44 25 3 (43,47),(44,48),(45,49)
4 46 26 3 (46,50),(47,51),(48,52)
4 48 27 3 (49,53),(50,54),(51,55)
4 50 28 3 (52,56),(53,57),(54,58)
4 52 29 3 (55,59),(56,60),(57,61)
4 54 30 3 (58,62),(59,63),(60,64)
4 56 31 3 (61,65),(62,66),(63,67)
4 58 32 3 (64,68),(65,69),(66,70)
5 59 33 4 (67,71),(68,72),(69,73),(70,74)
5 61 34 4 (71,75),(72,76),(73,77),(74,78)
5 63 35 4 (75,79),(76,80),(77,81),(78,82)
5 65 36 4 (79,83),(80,84),(81,85),(82,86)
5 67 37 4 (83,87),(84,88),(85,89),(86,90)
5 69 38 4 (87,91),(88,92),(89,93),(90,94)
5 71 39 4 (91,95),(92,96),(93,97),(94,98)
5 73 40 4 (95,99),(96,100),(97,101),(98,102)
5 75 41 4 (99,103),(100,104),(101,105),(102,106)
5 77 42 4 (103,107),(104,108),(105,109),(106,110)
6 78 43 5 (107,111),(108,112),(109,113),(110,114),(111,115)
6 80 44 5 (112,116),(113,117),(114,118),(115,119),(116,120)
6 82 45 5 (117,121),(118,122),(119,123),(120,124),(121,125)
6 84 46 5 (122,126),(123,127),(124,128),(125,129),(126,130)
6 86 47 5 (127,131),(128,132),(129,133),(130,134),(131,135)
6 88 48 5 (132,136),(133,137),(134,138),(135,139),(136,140)
6 90 49 5 (137,141),(138,142),(139,143),(140,144),(141,145)
6 92 50 5 (142,146),(143,147),(144,148),(145,149),(146,150)
6 94 51 5 (147,151),(148,152),(149,153),(150,154),(151,155)
6 96 52 5 (152,156),(153,157),(154,158),(155,159),(156,160)
7 97 53 6 (157,161),(158,162),(159,163),(160,164),(161,165),(162,166)
7 99 54 6 (163,167),(164,168),(165,169),(166,170),(167,171),(168,172)
7 101 55 6 (169,173),(170,174),(171,175),(172,176),(173,177),(174,178)
7 103 56 6 (175,179),(176,180),(177,181),(178,182),(179,183),(180,184)
7 105 57 6 (181,185),(182,186),(183,187),(184,188),(185,189),(186,190)
7 107 58 6 (187,191),(188,192),(189,193),(190,194),(191,195),(192,196)
7 109 59 6 (193,197),(194,198),(195,199),(196,200),(197,201),(198,202)
7 111 60 6 (199,203),(200,204),(201,205),(202,206),(203,207),(204,208)
7 113 61 6 (205,209),(206,210),(207,211),(208,212),(209,213),(210,214)
7 115 62 6 (211,215),(212,216),(213,217),(214,218),(215,219),(216,220)
8 116 63 7 (217,221),(218,222),(219,223),(220,224),(221,225),(222,226),(223,227)
8 118 64 7 (224,228),(225,229),(226,230),(227,231),(228,232),(229,233),(230,234)
8 120 65 7 (231,235),(232,236),(233,237),(234,238),(235,239),(236,240),(237,241)
8 122 66 7 (238,242),(239,243),(240,244),(241,245),(242,246),(243,247),(244,248)
8 124 67 7 (245,249),(246,250),(247,251),(248,252),(249,253),(250,254),(251,255)
8 126 68 7 (252,256),(253,257),(254,258),(255,259),(256,260),(257,261),(258,262)
8 128 69 7 (259,263),(260,264),(261,265),(262,266),(263,267),(264,268),(265,269)
8 130 70 7 (266,270),(267,271),(268,272),(269,273),(270,274),(271,275),(272,276)
8 132 71 7 (273,277),(274,278),(275,279),(276,280),(277,281),(278,282),(279,283)
8 134 72 7 (280,284),(281,285),(282,286),(283,287),(284,288),(285,289),(286,290)
9 135 73 8 (287,291),(288,292),(289,293),(290,294),(291,295),(292,296),(293,297),(294,298)
9 137 74 8 (295,299),(296,300),(297,301),(298,302),(299,303),(300,304),(301,305),(302,306)
9 139 75 8 (303,307),(304,308),(305,309),(306,310),(307,311),(308,312),(309,313),(310,314)
9 141 76 8 (311,315),(312,316),(313,317),(314,318),(315,319),(316,320),(317,321),(318,322)
9 143 77 8 (319,323),(320,324),(321,325),(322,326),(323,327),(324,328),(325,329),(326,330)
9 145 78 8 (327,331),(328,332),(329,333),(330,334),(331,335),(332,336),(333,337),(334,338)
9 147 79 8 (335,339),(336,340),(337,341),(338,342),(339,343),(340,344),(341,345),(342,346)
9 149 80 8 (343,347),(344,348),(345,349),(346,350),(347,351),(348,352),(349,353),(350,354)
9 151 81 8 (351,355),(352,356),(353,357),(354,358),(355,359),(356,360),(357,361),(358,362)
9 153 82 8 (359,363),(360,364),(361,365),(362,366),(363,367),(364,368),(365,369),(366,370)
10 154 83 9 (367,371),(368,372),(369,373),(370,374),(371,375),(372,376),(373,377),(374,378),(375,379)
10 156 84 9 (376,380),(377,381),(378,382),(379,383),(380,384),(381,385),(382,386),(383,387),(384,388)
10 158 85 9 (385,389),(386,390),(387,391),(388,392),(389,393),(390,394),(391,395),(392,396),(393,397)
10 160 86 9 (394,398),(395,399),(396,400),(397,401),(398,402),(399,403),(400,404),(401,405),(402,406)
10 162 87 9 (403,407),(404,408),(405,409),(406,410),(407,411),(408,412),(409,413),(410,414),(411,415)
10 164 88 9 (412,416),(413,417),(414,418),(415,419),(416,420),(417,421),(418,422),(419,423),(420,424)
10 166 89 9 (421,425),(422,426),(423,427),(424,428),(425,429),(426,430),(427,431),(428,432),(429,433)
10 168 90 9 (430,434),(431,435),(432,436),(433,437),(434,438),(435,439),(436,440),(437,441),(438,442)
10 170 91 9 (439,443),(440,444),(441,445),(442,446),(443,447),(444,448),(445,449),(446,450),(447,451)
10 172 92 9 (448,452),(449,453),(450,454),(451,455),(452,456),(453,457),(454,458),(455,459),(456,460)
11 173 93 10 (457,461),(458,462),(459,463),(460,464),(461,465),(462,466),(463,467),(464,468),(465,469),(466,470)
11 175 94 10 (467,471),(468,472),(469,473),(470,474),(471,475),(472,476),(473,477),(474,478),(475,479),(476,480)
11 177 95 10 (477,481),(478,482),(479,483),(480,484),(481,485),(482,486),(483,487),(484,488),(485,489),(486,490)
11 179 96 10 (487,491),(488,492),(489,493),(490,494),(491,495),(492,496),(493,497),(494,498),(495,499),(496,500)
11 181 97 10 (497,501),(498,502),(499,503),(500,504),(501,505),(502,506),(503,507),(504,508),(505,509),(506,510)
11 183 98 10 (507,511),(508,512),(509,513),(510,514),(511,515),(512,516),(513,517),(514,518),(515,519),(516,520)
11 185 99 10 (517,521),(518,522),(519,523),(520,524),(521,525),(522,526),(523,527),(524,528),(525,529),(526,530)
11 187 100 10 (527,531),(528,532),(529,533),(530,534),(531,535),(532,536),(533,537),(534,538),(535,539),(536,540)
11 189 101 10 (537,541),(538,542),(539,543),(540,544),(541,545),(542,546),(543,547),(544,548),(545,549),(546,550)
10 132
18 128
19 162
25 106
29 65
31 95
39 69
39 113
45 71
50 57
54 161
55 10
62 11
68 40
74 94
74 57
81 149
87 181
92 150
97 15
98 5
105 18
107 142
116 42
122 161
128 24
133 118
137 27
143 181
148 53
151 24
154 167
159 133
165 13
167 2
176 131
181 174
189 103
196 80
204 43
209 142
218 87
223 170
224 1
227 142
231 160
236 118
240 24
240 180
247 191
