2   2   2
3
4  50  10  5
35
3   1   10    2  10  (1,20),(8,17)
3   2   50   4  100 (2,7),(3,13),(4,2),(5,5)
5   3   20  0  40
5   4   30   1  90 (25,5)
7   5   27   0  30
7   6   35  5  15 (20,6),(31,6),(32,3),(33,3),(35,4)
10  7   22   2  30  (3,3),(6,6)
13  8   24   3  24  (4,10),(6,10),(8,10)
14  9   121  2  140  (54,9),(90,12)
15  10  200  0  100
17  11  134  1  25 (30,4)
19  12  80   2  42  (50,2),(78,2)
19  13  92   1   10 (74,5)
21  14  34   0   18
21  15  88   2  26  (55,9),(70,13)
23  16  199  3  30 (67,13),(80,3),(100,4)
24  17  150  2   5 (53,11),(104,4)
25  18  161  1  14 (110,19)
25  19  93   1  11 (65,14)
27  20  108  0  35
30  21  183  4   22 (44,6),(61,5),(100,10),(131,13)
34  22  127  0   20
35  23  20   0   47
37  24  40   1   10 (10,3)
37  25  35   0   23
38  26  66   1   10 (16,16)
40  27  27   0   22
40  28  70   1   32 (35,3)
43  29  101  2   10 (51,15),(89,6)
45  30  169  3   42 (69,6),(99,3),(123,4)
46  31  65   2   55 (25,5),(35,7)
48  32  70   1   20 (34,6)
51  33  53   0   33
54  34  55   0   54
60  35  20   0   46
8   3
9   4
10  5
12  7
21  12
24  20
25  1
30  9
31  8
34  35




